3521
775
34199
4397
91
2070
2746
10196
183
63
134628
1518
173
5231
630
260
107
20935
13381
161884
779
964
78
387
1299
72
27
1149
712
776
1594
2399
3248
374
54
1716
411
260
244
11964
240
18123
969
88
324
1937
90
443
12856
3365
129021
749
650
3184
309
211
481
4070
1027
708
1449
126
2231
6039
753
182
239
204
870
1958
685
85
17480
1867
165
17
341
264
71109
421
741
1633
1195
303
453
171473
987
1601
4248
281
417
349
106
1128
792
1432
289
405
244
263
4495
166
1458
292
2326
154
3029
334
1
254
296
708
460
298
677
80
224
965
5
1207
1704
83
9
1566
531
325
110
327
843
12305
1355
186
545
417
543
93
2138
404
570
904
587
175
4374
294
692
2211
767
105
19
2681
1494
113
16668
492
4601
992
285
215
11330
1042
343
49
280
593
265
967
311
850
516
576
10599
48699
68
43
303
798
45
981
798
694
884
2710
780
543
210
4310
1689
315
6650
716
526
1068
10
453
194
1174
1953
649
1184
98
2232
10726
767
1915
790
1407
12
3859
2539
439
296
1840
18912
3167
1
193
216
44
159
248
8
1828
4381
1131
8313
99
1702
43
1207
2467
5605
3285
136
811
54
439
2
834
12365
1010
646
9631
839
174
1700
302
24
2176
375
198844
6760
2815
662
125
4070
2212
37
464
234
63
984
458
701
135
265
2172
234
311
287
113016
6397
320
143160
1422
179
435
172
10011
389
585
14221
331
2186
1266
1885
113
664
1964
2056
77928
249
114
176
6925
492
1870
1512
113
1412
3915
12083
1147
101
957
1485
20368
142
58993
2476
162
194
62
7063
24
98
224
437
384
244
4317
200
1453
791
149
313
117
364
44029
1171
15
57
118922
628
169
279
57
429
1333
170
539
814
285
1173
13
766
25
1161
1357
451
142
989
202
145
2197
3093
163
705
314
367
1124
328
10434
695
2889
845
1248
1822
85
884
7216
313
3871
903
344
191
4626
327
27
22246
370
41
29
8629
1325
9403
7261
467
17392
4
547
607
943
1512
3938
104
294
6311
110
98
87
2
3278
16212
88
13936
119
317
959
660
2663
1652
2162
4867
2252
174
373
361
261
1724
779
411
170
1559
273
13524
3362
1429668
763
449
1907
15
30
2214
4331
1355
1673
372
123741
430
6757
1191
577
104
191
291
17383
169461
2325
291
9356
1654
8829
4217
2028
557
1209
2425
1135
1541
1273
5584
6528
22619
1503
400
711
1149
567
399
8309
82
19
5477
4277
2823
253
1870
294
39
81
2179
919
1000
1169
558
461
3701
14025
2243
19390
475
1167
34
114
971
269
355
352
351
332
1136
15389
1238
306
32
289
708
245
286
5517
6412
161
1351
317
208
830
643
699
594
345
1106
407
195
1530
12
545
4257
769
646
432
71
206
38
1400
464
231
43
29488
2191
3168
2511
506
2705
2928
199
321
578
57069
440
268
9
2043
793
5
508
270
410
50
553
386
16422
1529
6840
29
23
49
6094
588
2464
182
327
2842
82
1615
442
1469
2502
2695
97
117
1259
4
7429
1147
2635
1173
713
24
146
3560
2025
1789
948
878
759
7426
199
303
429
2141
935
295
209
416
331
228
62
5809
4065
1978
314
262
117
1097
331
139
5254
1818
301
1961
4845
284
196
7889
273
1454
1561
375
1866
314
33
3118
1140
4179
14014
15
421
1151
1105
4032
3672
454
1095
438
1771
1413
409
92
2914
102
512
5928
299
524
532
2717
1379
735
190
16
689
97
360
6748
1522
351
2136
3984
2008
1677
975
13084
101
263
246
656
1232
401
246
90
1956
771
14
3047
442
647
844
16
1000
153
1389
924
531
857
310
1613
1562
5651
1374
21620
512
0
189
560
19359
3508
49
1567
265
422
667
3532
104
1123
81
1657
676
52
520
488
356
2641
927
112
58968
2002
793
2173
86386
1909
264
732
1229
645
1567
1623
216
916
150
909
2168
91
1196
117
712
141
1538
838
4166
725
481
3010
272
13967
144
783
44
748
9129
612
14
296
229
1324
1373
3010
165
6820
10
85
490
11722
5418
58
148
55
2210
246
332
36276
59
275
4335
3215
1050
1146160
1816
10369
82
1161
2840
610
1643
903
20
461
229
1067
212
1209
4619
2403
593
452
1318
761
655
383
1198
1306
554
22
1715
36
14110
1208
964
384
40
97
1186
990
3265
1274
1171
8215
3893
2887
1037
7902
45
472
1052
1321
15
851
11025
3619
790
687
205
118
2220
3645
6538
1358
534
531
524
834
120
3486
1312
369
466
1070
5
454
857
11
24952
9799
103
551
306
3059
15760
4186
7932
3461
296
468
280
263
8015
1014
1920
258
549
271
167
90
774
661
859
901
1100
237
255
1704
213
773
514
556
2627
389
2273
1264
109
1871
3607
90
187
39786
480
25226
6
1283
1763
1681
256
149
115
264
50
2263
175
667
9108
624
10877
35
1149
1088
383
46
102
416
467
160
1381
50
175
551
440
1519
3823
94
2306
247
796
1173
758
529
1111
202
1080
1771
4176
710
334
184
6
195
609
1120
43
22
330
505
467
68
364
128
173
70
603
56
1611
196
186
3
79
179
1734
276
5706
1527
779
418
111
355
314
1144
72
138
410
2321
368
276
1426
107
6377
181
703
1466
775
37
1110
989
2876
470
686
778
34
263
893
374
510
1073
1841
371
1281
169
1412
10307
82
681
105
130
496
125
321
1863
75
303
1084
1385
3435
599
1503
3483
1037
2113
772
960
270
1961
38
353
2503
213
352
3815
83
483
1895
1448
1077
253
165
511
889
151
83
21
1875
4517
353
6807
168
72
1398
1771
848
121
73
132
134
1409
15
1460
13208
1854
1183
744
1227
8439
220
285
610
2087
311
1864
1000
15
190
43
2162
237
1678
826
431
6610
304
1503
473
648
7680
3893
104
2462
1098
638
2436
518
37
424
131
228
2976
275
3919
84
703
40
3207
35
9531
1560
918
93
245
490
484
406
119
173
71
1101
931
167
366
86
2340
263
2116
248
1063
718
169
1122
566
2364
460
159
478
749
285
659
480
421
3584
12855
185
21
63
1210
201
289
107
631
2454
2263
663
136
715
303
203
299
164
409
198
1237
351
374
3612
2284
24
1001
2906
271
609
178
1674
779
1887
870
144
113
1718
59
489
118
25
1292
1692
880
395
1172
0
99
2098
8126
25
577
281
932
1095
858
53
1291
129
1128
3244
856
23
1088
12
213
645
449
118
82158
995
2628
377
662
88
301
1526
451
798
161
1834
2029
656
602
2315
784
3119
1548
22
314
216
194
3
1515
504
112
302
4578
1971
2797
9845
52
28
427
5492
1182
2166
243
1734
129
292
912
1608
37
889
1607
431
141
1057
788
791
1130
2118
705
1661
373
1041
19
1617
703
794
20369
89
493
931
2270
4084
1588
1037
1488
54
196
1188
66
445
1021
1313
106
4822
7
9
2860
1740
1977
3608
5434
983
105
51
236
558
9
17
245
1421
1040
949
13370
768
1889
3183
1655
202
804
2594
941
324
259
85
193
34
197
346
8
232
1919
4543
2215
88
392
349
14
2397
571
2128
373
465
16569
140
34
326
0
4116
468
666
1203
1736
184
355
139
1960
998
910
1834
22
242
100
535
676
598
130
1189
420
232
3285
14047
16164
272
1015
127
52
395
190
2174
34
1248
655
3326
699
1567
3202
76
316
892
171
2140
239
140
195
9422
2210
217
1561
2361
440
102
271
767
303
643
1148
610
6834
2948
439
2124
684
210
876
1767
223
581
85
186
5428
638
237
109
18
81
1714
2564
4728
769
553
618
4077
1659
634
3170
2588
1308
4264
487
551
122
899
362
721
2552
1642
926
1532
2607
726
16
1748
82
666
2355
532
260
503
3844
3521
32
375
58
789
440
3116
4802
2062
357
464
365
509
339
586
1289
456
226
468
2187
8
1997
312
1638
2539
335
238
1498
96
71
931
301
162
1138
14710
3099
1183
11
69
1484
124
191
472
118
233
120
870
183
155
2144
1759
3107
494
52
2562
119
529
363
818
295
4446
204
3326
261
6474
359
94
8
790
49
2677
1064
308
11356
141
339
387
2263
605
4729
1075
83668
528
1119
1117
702
1729
36
1138
518
1093
712
974
63
198
987
563
194
285
151
916
2417
1024
2092
426
730
261
325
196
48
572
266
1276
70
50
5700
436
43
2636
1217
123
2333
1039
474
452
436
1666
645
481
11754
10043
133
50
302
439
34
4175
836
2472
174
522
1233
8
3957
434
640
1280
287
389
673
87
129
286
782
1458
97
290
41
1817
847
1407
413
243
2566
783
972
1865
173
438
4873
917
628
1280
458
1523
472
1026
175
1569
1538
952
37
246
687
342
18
353
26
2348
1281
39
93
1314
260
73
1192
227
4273
1443
1015
28
1118
418
376
1099
6516
4044
68
1622
1403
262
648
17524
4692
196
21
3114
62
165
1330
678
1658
796
1297
387
1235
914
535
260
1579
323
241
90
1143
720
21
38656
116
2374
41
2
239
19671
1260
74
1931
569
632
254
1472
429
1090
588
534
683
1036
586
224
297
796
229
209
3366
61
480
389
354
1534
24
655
189
1447
127
4779
1037
85
377
1024
2509
1261
2215
365
1232
1295
295
4359
1788
1768
873
1920
2039
1357
1566
419
300
615
452
2216
1349
1083
1000
924
62
581
55
1443
3489
217
672
46
4
840
510
171
5470
98
333
27
1388
1824
728
1859
792
3386
162
1208
161
828
483
1127
4106
640
770
2317
716
1797
1533
6260
3488
323
450
332
1615
1125
2934
192
336
464
696
393
1218
279
116
1863
21042
1922
426
85
933
84
197
1351
294
2092
29
5370
838
2829
214
206
2019
3385
1131
586
1432
3473
589
571
812
368
4497
937
963
772
2934
165
5215
1117
63
2041
10862
691
3360
331
495
63
1479
1670
560
104
60
8322
16233
20
5180
342
1136
766
380
2854
1120
281
452
147
508
1816
105
841
1550
2270
875
268
5413
794
52
2148
2569
407
229
439
782
611
617
1681
48
2275
698
1538
4816
1028
398
827
677
11973
130
1161
324
2060
162
2253
1026
9156
378
1471
183
310
957
618
522
137
150
1748
846
1822
2512
435
296
484
180
132
409
751
367
1810
1966
350
22
12567
350
165
1721
163
1501
297
342
20
67
236
235
51
300
333
788
562
1256
1251
2386
907
171
3662
20108
486
532
2217
2623
202
7
4629
3086
276
2347
3606
1126
413
1035
962
671
57
93
1661
224
633
9
1276
255
1039
5589
126
1304
62
390
583
610
831
479
57
305
1501
2481
301
1166
1018
1757
568
96
1156
1387
1111
462
119
290
188
1750
185
1543
880
2345
285
181
1691
111
621
145
2194
896
786
609
3671
876
1030
966
956
1567
716
4701
882
350
193
11
16446
576
532
